1007305
4913064
4820710
24531956
6518605
6082808
1068920
27614904
2035179
1019568
1040211
10554308
1084336
1046209
1255625
1060068
1449351
26980487
6781808
20424526
30172069
3674537
26986954
1054685
1915958
1003479
4908885
25985021
1795079
10564071
1200840
1008145
1002299
1449348
21371175
1209899
26362836
1827374
1829226
4760224
1085860
7060185
10594787
25887924
1254588
2046909
1041482
3162991
1858513
1449352
1044547
25836270
1770782
5414391
2035162
35546622
6789605
1043008
3006581
34998019
1028409
3211779
24257229
35966120
1089243
1077847
1083428
1029553
1205054
1883245
5337248
1255624
1027191
25829693
5337254
35819419
1467022
35313227
26672693
1013267
27002046
1029111
2143732
26576861
20440644
3183775
3410718
1203426
1060852
1007914
1059258
35031587
10522856
1858568
20427187
6709783
27104959
35481512
26734559
3071717
10471333
1023045
20428302
10555509
1139360
26698660
1092335
2035171
3261600
1011754
35094680
26425831
1058661
1760432
1212893
6880158
1091203
2070844
1036613
1057244
1034282
5038409
33658616
2160556
1119839
1253310
6388661
27184303
25796120
26757680
25897884
1062343
33440205
3518332
25976544
1028842
1046492
4881850
1765512
26878124
34835082
35517022
30142261
3633461
35272817
2154960
1922216
1036490
6798611
36328704
3578470
3026879
2284311
2068249
30471298
26210487
4920007
1088711
1088022
2253380
25884880
1192090
1014561
35170896
26877752
1052990
4884218
34990839
26171466
35430425
10757938
1014825
3311253
26905337
1051193
26357614
1476651
1970428
1985223
1675478
25826936
30125030
26545308
24382569
1088581
1080370
1321017
4187411
1004821
4238362
35523099
3131626
4207781
26435510
36096304
3136271
1070851
1818347
26896859
26585065
2136140
3054821
24754316
1013416
1394364
1426971
1035848
1949420
10758290
26854318
1008357
1964774
2046236
26295448
26389895
4166819
2158684
1813841
26704403
1043815
34896921
20421947
1859140
20507206
21570668
35587028
6789551
26586492
25862578
1033825
2326403
10774752
26413154
30116399
3017857
1056315
1085883
1012307
3995526
3369793
30484795
1006197
1102715
26292535
10738023
30414743
1974029
1021273
1086249
10555486
